mc	mn	mc_onset	mn_onset	timesig	staff	voice	duration	gracenote	nominal_duration	scalar	tied	tpc	midi	volta	chord_id
1	0	0	1/2	3/4	1	1	1/4		1/4	1		1	67		0
2	1	0	0	3/4	2	2	1/2		1/2	1		1	55		6
2	1	0	0	3/4	1	1	1/4		1/4	1		-1	65		1
2	1	0	0	3/4	1	1	1/4		1/4	1		5	71		1
2	1	0	0	3/4	1	1	1/4		1/4	1		2	74		1
2	1	1/4	1/4	3/4	1	2	1/2		1/2	1		-1	65		4
2	1	1/4	1/4	3/4	2	1	1/2		1/2	1	1	1	67		5
2	1	1/4	1/4	3/4	1	2	1/2		1/2	1		5	71		4
2	1	1/4	1/4	3/4	1	1	3/8		1/4	3/2		4	76		2
2	1	1/2	1/2	3/4	2	2	1/4		1/4	1		1	55		7
2	1	5/8	5/8	3/4	1	1	1/8		1/8	1		2	74		3
3	2	0	0	3/4	1	1	0	acciaccatura	1/8	1		2	74		8
3	2	0	0	3/4	2	2	1/2		1/2	1		0	60		17
3	2	0	0	3/4	1	2	1/4		1/4	1		4	64		13
3	2	0	0	3/4	2	1	1/4		1/4	1	-1	1	67		15
3	2	0	0	3/4	1	1	3/16		1/8	3/2		0	72		9
3	2	3/16	3/16	3/4	1	1	1/16		1/16	1		5	71		10
3	2	1/4	1/4	3/4	1	2	1/2		1/2	1		4	64		14
3	2	1/4	1/4	3/4	2	1	1/2		1/2	1	1	1	67		16
3	2	1/4	1/4	3/4	1	1	3/8		1/4	3/2		0	72		11
3	2	1/2	1/2	3/4	2	2	1/4		1/4	1		1	55		18
3	2	5/8	5/8	3/4	1	1	1/8		1/8	1		7	73		12
4	3	0	0	3/4	2	2	1/4		1/4	1		5	59		27
4	3	0	0	3/4	1	2	1/4		1/4	1		-1	65		23
4	3	0	0	3/4	2	1	1/4		1/4	1	-1	1	67		25
4	3	0	0	3/4	1	1	3/16		1/8	3/2		2	74		19
4	3	3/16	3/16	3/4	1	1	1/16		1/16	1		9	75		20
4	3	1/4	1/4	3/4	1	2	1/2		1/2	1		-1	65		24
4	3	1/4	1/4	3/4	2	1	1/2		1/2	1	1	1	67		26
4	3	1/4	1/4	3/4	1	2	1/2		1/2	1		5	71		24
4	3	1/4	1/4	3/4	1	1	3/8		1/4	3/2		4	76		21
4	3	1/2	1/2	3/4	2	2	1/4		1/4	1		1	55		28
4	3	5/8	5/8	3/4	1	1	1/8		1/8	1		2	74		22
5	4	0	0	3/4	1	1	0	acciaccatura	1/8	1		2	74		29
5	4	0	0	3/4	2	2	1/2		1/2	1		0	60		37
5	4	0	0	3/4	1	2	1/4		1/4	1		4	64		33
5	4	0	0	3/4	2	1	1/4		1/4	1	-1	1	67		35
5	4	0	0	3/4	1	1	3/16		1/8	3/2		0	72		30
5	4	3/16	3/16	3/4	1	1	1/16		1/16	1		5	71		31
5	4	1/4	1/4	3/4	1	2	1/2		1/2	1		4	64		34
5	4	1/4	1/4	3/4	2	1	1/2		1/2	1		1	67		36
5	4	1/4	1/4	3/4	1	1	1/2		1/2	1		0	72		32
5	4	1/2	1/2	3/4	2	2	1/4		1/4	1		0	60		38
6	5	0	0	3/4	2	2	1/2		1/2	1		4	52		45
6	5	0	0	3/4	1	2	1/4		1/4	1		2	62		42
6	5	0	0	3/4	1	2	1/4		1/4	1		8	68		42
6	5	0	0	3/4	1	1	1/4		1/4	1		5	71		39
6	5	1/4	1/4	3/4	1	2	1/2		1/2	1		2	62		43
6	5	1/4	1/4	3/4	2	1	1/2		1/2	1	1	4	64		44
6	5	1/4	1/4	3/4	1	2	1/2		1/2	1		8	68		43
6	5	1/4	1/4	3/4	1	1	3/8		1/4	3/2		0	72		40
6	5	1/2	1/2	3/4	2	2	1/4		1/4	1		4	52		46
6	5	5/8	5/8	3/4	1	1	1/8		1/8	1		5	71		41
7	6	0	0	3/4	1	1	0	acciaccatura	1/8	1		5	71		47
7	6	0	0	3/4	2	2	1/2		1/2	1		3	57		56
7	6	0	0	3/4	1	2	1/4		1/4	1		7	61		52
7	6	0	0	3/4	2	1	1/4		1/4	1	-1	4	64		54
7	6	0	0	3/4	1	2	1/4		1/4	1		1	67		52
7	6	0	0	3/4	1	1	3/16		1/8	3/2		3	69		48
7	6	3/16	3/16	3/4	1	1	1/16		1/16	1		8	68		49
7	6	1/4	1/4	3/4	1	2	1/2		1/2	1		7	61		53
7	6	1/4	1/4	3/4	2	1	1/2		1/2	1		4	64		55
7	6	1/4	1/4	3/4	1	2	1/2		1/2	1		1	67		53
7	6	1/4	1/4	3/4	1	1	3/8		1/4	3/2		3	69		50
7	6	1/2	1/2	3/4	2	2	1/4		1/4	1		3	57		57
7	6	5/8	5/8	3/4	1	1	1/8		1/8	1		5	71		51
8	7	0	0	3/4	2	2	1/4		1/4	1		2	50		67
8	7	0	0	3/4	1	2	1/4		1/4	1		6	66		64
8	7	0	0	3/4	1	1	3/16		1/8	3/2		0	72		58
8	7	3/16	3/16	3/4	1	1	1/16		1/16	1		7	73		59
8	7	1/4	1/4	3/4	1	2	1/2		1/2	1		6	66		65
8	7	1/4	1/4	3/4	2	1	1/2		1/2	1		3	69		66
8	7	1/4	1/4	3/4	1	2	1/2		1/2	1		0	72		65
8	7	1/4	1/4	3/4	1	1	3/8		1/4	3/2		4	76		60
8	7	1/2	1/2	3/4	2	2	1/4		1/4	1		2	62		68
8	7	5/8	5/8	3/4	1	1	0	grace16	1/16	1		2	74		61
8	7	5/8	5/8	3/4	1	1	0	grace16	1/16	1		4	76		62
8	7	5/8	5/8	3/4	1	1	1/8		1/8	1		2	74		63
9	8	0	0	3/4	2	1	1/4		1/4	1		1	55		73
9	8	0	0	3/4	1	2	1/4		1/4	1		-1	65		72
9	8	0	0	3/4	1	2	1/4		1/4	1		5	71		72
9	8	0	0	3/4	1	1	1/8		1/8	1		7	73		69
9	8	3/16	3/16	3/4	1	1	1/16		1/16	1		2	74		70
9	8	1/4	1/4	3/4	1	1	1/2		1/2	1		-1	65		71
9	8	1/4	1/4	3/4	1	1	1/2		1/2	1		1	67		71
9	8	1/4	1/4	3/4	1	1	1/2		1/2	1		5	71		71
9	8	1/4	1/4	3/4	1	1	1/2		1/2	1		1	79		71
9	8	1/2	1/2	3/4	2	1	1/4		1/4	1		1	55		74
10	9	0	0	3/4	2	1	1/4		1/4	1		1	43		79
10	9	0	0	3/4	1	1	1/4		1/4	1		-1	65		75
10	9	0	0	3/4	1	1	1/4		1/4	1		5	71		75
10	9	0	0	3/4	1	1	1/4		1/4	1		2	74		75
10	9	1/4	1/4	3/4	1	2	1/2		1/2	1		-1	65		78
10	9	1/4	1/4	3/4	2	1	1/2		1/2	1	1	1	67		80
10	9	1/4	1/4	3/4	1	2	1/2		1/2	1		5	71		78
10	9	1/4	1/4	3/4	1	1	3/8		1/4	3/2		4	76		76
10	9	1/2	1/2	3/4	2	2	1/4		1/4	1		1	55		81
10	9	5/8	5/8	3/4	1	1	1/8		1/8	1		2	74		77
11	10	0	0	3/4	1	1	0	grace16	1/16	1		0	72		82
11	10	0	0	3/4	1	1	0	grace16	1/16	1		2	74		83
11	10	0	0	3/4	2	2	1/2		1/2	1		0	60		92
11	10	0	0	3/4	1	2	1/4		1/4	1		4	64		88
11	10	0	0	3/4	2	1	1/4		1/4	1	-1	1	67		90
11	10	0	0	3/4	1	1	3/16		1/8	3/2		0	72		84
11	10	3/16	3/16	3/4	1	1	1/16		1/16	1		5	71		85
11	10	1/4	1/4	3/4	1	2	1/2		1/2	1		4	64		89
11	10	1/4	1/4	3/4	2	1	1/2		1/2	1	1	1	67		91
11	10	1/4	1/4	3/4	1	1	3/8		1/4	3/2		0	72		86
11	10	1/2	1/2	3/4	2	2	1/4		1/4	1		1	55		93
11	10	5/8	5/8	3/4	1	1	1/8		1/8	1		7	73		87
12	11	0	0	3/4	2	2	1/4		1/4	1		5	59		102
12	11	0	0	3/4	1	2	1/4		1/4	1		-1	65		98
12	11	0	0	3/4	2	1	1/4		1/4	1	-1	1	67		100
12	11	0	0	3/4	1	1	3/16		1/8	3/2		2	74		94
12	11	3/16	3/16	3/4	1	1	1/16		1/16	1		9	75		95
12	11	1/4	1/4	3/4	1	2	1/2		1/2	1		-1	65		99
12	11	1/4	1/4	3/4	2	1	1/2		1/2	1	1	1	67		101
12	11	1/4	1/4	3/4	1	2	1/2		1/2	1		5	71		99
12	11	1/4	1/4	3/4	1	1	3/8		1/4	3/2		4	76		96
12	11	1/2	1/2	3/4	2	2	1/4		1/4	1		1	55		103
12	11	5/8	5/8	3/4	1	1	1/8		1/8	1		2	74		97
13	12	0	0	3/4	1	1	0	grace16	1/16	1		0	72		104
13	12	0	0	3/4	1	1	0	grace16	1/16	1		2	74		105
13	12	0	0	3/4	2	2	1/2		1/2	1		0	60		113
13	12	0	0	3/4	1	2	1/4		1/4	1		4	64		109
13	12	0	0	3/4	2	1	1/4		1/4	1	-1	1	67		111
13	12	0	0	3/4	1	1	3/16		1/8	3/2		0	72		106
13	12	3/16	3/16	3/4	1	1	1/16		1/16	1		5	71		107
13	12	1/4	1/4	3/4	1	2	1/2		1/2	1		4	64		110
13	12	1/4	1/4	3/4	2	1	1/2		1/2	1		1	67		112
13	12	1/4	1/4	3/4	1	1	1/2		1/2	1		0	72		108
13	12	1/2	1/2	3/4	2	2	1/4		1/4	1		0	60		114
14	13	0	0	3/4	2	2	1/2		1/2	1		2	50		120
14	13	0	0	3/4	1	1	1/4		1/4	1		0	60		115
14	13	0	0	3/4	1	1	1/4		1/4	1		-1	65		115
14	13	0	0	3/4	1	1	1/4		1/4	1		3	69		115
14	13	1/4	1/4	3/4	1	2	1/2		1/2	1		0	60		118
14	13	1/4	1/4	3/4	2	1	1/2		1/2	1	1	2	62		119
14	13	1/4	1/4	3/4	1	2	1/2		1/2	1		-1	65		118
14	13	1/4	1/4	3/4	1	1	3/8		1/4	3/2		5	71		116
14	13	1/2	1/2	3/4	2	2	1/4		1/4	1		2	50		121
14	13	5/8	5/8	3/4	1	1	1/8		1/8	1		3	69		117
15	14	0	0	3/4	1	1	0	grace16	1/16	1		1	67		122
15	14	0	0	3/4	1	1	0	grace16	1/16	1		3	69		123
15	14	0	0	3/4	2	2	1/2		1/2	1		1	55		132
15	14	0	0	3/4	1	2	1/4		1/4	1		5	59		128
15	14	0	0	3/4	2	1	1/4		1/4	1	-1	2	62		130
15	14	0	0	3/4	1	2	1/4		1/4	1		-1	65		128
15	14	0	0	3/4	1	1	3/16		1/8	3/2		1	67		124
15	14	3/16	3/16	3/4	1	1	1/16		1/16	1		6	66		125
15	14	1/4	1/4	3/4	1	2	1/2		1/2	1		5	59		129
15	14	1/4	1/4	3/4	2	1	1/2		1/2	1		2	62		131
15	14	1/4	1/4	3/4	1	2	1/2		1/2	1		-1	65		129
15	14	1/4	1/4	3/4	1	1	3/8		1/4	3/2		1	67		126
15	14	1/2	1/2	3/4	2	2	1/4		1/4	1		1	55		133
15	14	5/8	5/8	3/4	1	1	1/8		1/8	1		3	69		127
16	15	0	0	3/4	2	1	1/4		1/4	1		1	43		140
16	15	0	0	3/4	1	2	1/4		1/4	1		-1	65		138
16	15	0	0	3/4	1	2	1/4		1/4	1		1	67		138
16	15	0	0	3/4	1	1	1/8		1/8	1		5	71		134
16	15	3/16	3/16	3/4	1	1	1/16		1/16	1		0	72		135
16	15	1/4	1/4	3/4	1	2	1/2		1/2	1		-1	65		139
16	15	1/4	1/4	3/4	2	1	1/2		1/2	1		1	67		141
16	15	1/4	1/4	3/4	1	2	1/2		1/2	1		5	71		139
16	15	1/4	1/4	3/4	1	1	3/8		1/4	3/2		4	76		136
16	15	1/2	1/2	3/4	2	2	1/4		1/4	1		1	55		142
16	15	5/8	5/8	3/4	1	1	1/8		1/8	1		2	74		137
17	16	0	0	3/4	2	2	1/2		1/2	1		0	48		150
17	16	0	0	3/4	1	2	1/4		1/4	1		4	64		148
17	16	0	0	3/4	1	1	1/8		1/8	1		5	71		143
17	16	3/16	3/16	3/4	1	1	1/16		1/16	1		0	72		144
17	16	1/4	1/4	3/4	1	1	0	acciaccatura	1/8	1		0	72		145
17	16	1/4	1/4	3/4	2	1	1/4		1/4	1		1	55		149
17	16	1/4	1/4	3/4	2	1	1/4		1/4	1		4	64		149
17	16	1/4	1/4	3/4	1	1	1/4		1/4	1		0	84		146
17	16	1/2	1/2	3/4	1	1	1/4		1/4	1	1	0	72		147
18	17	0	0	3/4	2	1	1/4		1/4	1		-5	37		155
18	17	0	0	3/4	1	1	1/8		1/8	1	-1	0	72		151
18	17	1/8	1/8	3/4	1	1	1/8		1/8	1		-2	70		152
18	17	1/4	1/4	3/4	2	1	1/4		1/4	1		-8	52		156
18	17	1/4	1/4	3/4	2	1	1/4		1/4	1		-4	56		156
18	17	1/4	1/4	3/4	2	1	1/4		1/4	1		-5	61		156
18	17	1/4	1/4	3/4	1	1	1/4		1/4	1		-4	68		153
18	17	1/2	1/2	3/4	2	1	1/4		1/4	1		-8	52		157
18	17	1/2	1/2	3/4	2	1	1/4		1/4	1		-4	56		157
18	17	1/2	1/2	3/4	2	1	1/4		1/4	1		-5	61		157
18	17	1/2	1/2	3/4	1	1	1/4		1/4	1		-8	64		154
19	18	0	0	3/4	2	1	1/4		1/4	1		-3	39		162
19	18	0	0	3/4	1	1	1/8		1/8	1		2	62		158
19	18	1/8	1/8	3/4	1	1	1/8		1/8	1		-3	63		159
19	18	1/4	1/4	3/4	2	1	1/4		1/4	1		-3	51		163
19	18	1/4	1/4	3/4	2	1	1/4		1/4	1		-4	56		163
19	18	1/4	1/4	3/4	2	1	1/4		1/4	1		0	60		163
19	18	1/4	1/4	3/4	1	1	1/4		1/4	1		1	67		160
19	18	1/2	1/2	3/4	2	1	1/4		1/4	1		-3	51		164
19	18	1/2	1/2	3/4	2	1	1/4		1/4	1		-4	56		164
19	18	1/2	1/2	3/4	2	1	1/4		1/4	1		0	60		164
19	18	1/2	1/2	3/4	1	1	1/4		1/4	1		-4	68		161
20	19	0	0	3/4	2	1	1/4		1/4	1		-3	39		169
20	19	0	0	3/4	1	1	1/8		1/8	1		3	69		165
20	19	1/8	1/8	3/4	1	1	1/8		1/8	1		-2	70		166
20	19	1/4	1/4	3/4	2	1	1/4		1/4	1		-5	61		170
20	19	1/4	1/4	3/4	2	1	1/4		1/4	1		-3	63		170
20	19	1/4	1/4	3/4	2	1	1/4		1/4	1		1	67		170
20	19	1/4	1/4	3/4	1	1	1/4		1/4	1		0	72		167
20	19	1/2	1/2	3/4	2	1	1/4		1/4	1		-5	61		171
20	19	1/2	1/2	3/4	2	1	1/4		1/4	1		-3	63		171
20	19	1/2	1/2	3/4	2	1	1/4		1/4	1		1	67		171
20	19	1/2	1/2	3/4	1	1	1/4		1/4	1		-5	73		168
21	20	0	0	3/4	2	2	3/4		1/2	3/2		-4	56		176
21	20	0	0	3/4	1	1	1/2		1/2	1		2	74		172
21	20	1/4	1/4	3/4	2	1	1/4		1/4	1		5	59		174
21	20	1/4	1/4	3/4	2	1	1/4		1/4	1		-1	65		174
21	20	1/4	1/4	3/4	2	1	1/4		1/4	1		-4	68		174
21	20	1/2	1/2	3/4	2	1	1/4		1/4	1		0	60		175
21	20	1/2	1/2	3/4	2	1	1/4		1/4	1		-3	63		175
21	20	1/2	1/2	3/4	2	1	1/4		1/4	1		-4	68		175
21	20	1/2	1/2	3/4	1	1	1/4		1/4	1	1	-3	75		173
22	21	0	0	3/4	2	1	1/4		1/4	1		-3	51		181
22	21	0	0	3/4	1	1	1/8		1/8	1	-1	-3	75		177
22	21	1/8	1/8	3/4	1	1	1/8		1/8	1		4	76		178
22	21	1/4	1/4	3/4	2	1	1/4		1/4	1		-5	61		182
22	21	1/4	1/4	3/4	2	1	1/4		1/4	1		-3	63		182
22	21	1/4	1/4	3/4	2	1	1/4		1/4	1		1	67		182
22	21	1/4	1/4	3/4	1	1	3/8		1/4	3/2		-1	77		179
22	21	1/2	1/2	3/4	2	1	1/4		1/4	1		-5	61		183
22	21	1/2	1/2	3/4	2	1	1/4		1/4	1		-3	63		183
22	21	1/2	1/2	3/4	2	1	1/4		1/4	1		1	67		183
22	21	5/8	5/8	3/4	1	1	1/8		1/8	1		-3	75		180
23	22	0	0	3/4	2	2	1/2		1/2	1		-4	56		192
23	22	0	0	3/4	1	1	1/8		1/8	1		-5	73		184
23	22	1/8	1/8	3/4	1	1	1/8		1/8	1		0	72		185
23	22	1/4	1/4	3/4	1	1	0	grace16	1/16	1		0	72		186
23	22	1/4	1/4	3/4	1	1	0	grace16	1/16	1		-3	75		187
23	22	1/4	1/4	3/4	2	1	1/4		1/4	1		0	60		190
23	22	1/4	1/4	3/4	2	1	1/4		1/4	1		-3	63		190
23	22	1/4	1/4	3/4	2	1	1/4		1/4	1		-4	68		190
23	22	1/4	1/4	3/4	1	1	3/8		1/4	3/2		-5	73		188
23	22	1/2	1/2	3/4	2	1	1/4		1/4	1		-3	51		191
23	22	5/8	5/8	3/4	1	1	1/8		1/8	1		0	72		189
24	23	0	0	3/4	2	1	1/4		1/4	1		-3	39		197
24	23	0	0	3/4	1	1	1/8		1/8	1		2	62		193
24	23	0	0	3/4	1	1	1/8		1/8	1		5	71		193
24	23	1/8	1/8	3/4	1	1	1/8		1/8	1		-3	63		194
24	23	1/8	1/8	3/4	1	1	1/8		1/8	1		0	72		194
24	23	1/4	1/4	3/4	2	1	1/4		1/4	1		-3	51		198
24	23	1/4	1/4	3/4	2	1	1/4		1/4	1		1	55		198
24	23	1/4	1/4	3/4	2	1	1/4		1/4	1		-5	61		198
24	23	1/4	1/4	3/4	1	1	3/8		1/4	3/2		-1	65		195
24	23	1/4	1/4	3/4	1	1	3/8		1/4	3/2		-5	73		195
24	23	1/2	1/2	3/4	2	1	1/4		1/4	1		-3	51		199
24	23	1/2	1/2	3/4	2	1	1/4		1/4	1		1	55		199
24	23	1/2	1/2	3/4	2	1	1/4		1/4	1		-5	61		199
24	23	5/8	5/8	3/4	1	1	1/8		1/8	1		-3	63		196
24	23	5/8	5/8	3/4	1	1	1/8		1/8	1		0	72		196
25	24	0	0	3/4	2	1	1/4		1/4	1		-4	44		205
25	24	0	0	3/4	1	1	1/8		1/8	1		-5	61		200
25	24	0	0	3/4	1	1	1/8		1/8	1		-2	70		200
25	24	1/8	1/8	3/4	1	1	1/8		1/8	1		0	60		201
25	24	1/8	1/8	3/4	1	1	1/8		1/8	1		-4	68		201
25	24	1/4	1/4	3/4	1	1	0	acciaccatura	1/8	1		0	72		202
25	24	1/4	1/4	3/4	2	1	1/4		1/4	1		-3	51		206
25	24	1/4	1/4	3/4	2	1	1/4		1/4	1		-4	56		206
25	24	1/4	1/4	3/4	1	1	1/4		1/4	1		-5	61		203
25	24	1/4	1/4	3/4	1	1	1/4		1/4	1		-2	70		203
25	24	1/2	1/2	3/4	2	1	1/4		1/4	1		-3	51		207
25	24	1/2	1/2	3/4	2	1	1/4		1/4	1		-4	56		207
25	24	1/2	1/2	3/4	1	1	1/4		1/4	1		0	60		204
25	24	1/2	1/2	3/4	1	1	1/4		1/4	1		-4	68		204
26	25	0	0	3/4	2	1	1/4		1/4	1		-3	39		212
26	25	0	0	3/4	1	1	1/8		1/8	1		-3	63		208
26	25	0	0	3/4	1	1	1/8		1/8	1		0	72		208
26	25	1/8	1/8	3/4	1	1	1/8		1/8	1		-1	65		209
26	25	1/8	1/8	3/4	1	1	1/8		1/8	1		-5	73		209
26	25	1/4	1/4	3/4	2	1	1/4		1/4	1		-3	51		213
26	25	1/4	1/4	3/4	2	1	1/4		1/4	1		-2	58		213
26	25	1/4	1/4	3/4	1	1	1/4		1/4	1		-5	61		210
26	25	1/4	1/4	3/4	1	1	1/4		1/4	1		-1	65		210
26	25	1/2	1/2	3/4	2	1	1/4		1/4	1		-3	51		214
26	25	1/2	1/2	3/4	1	1	1/4		1/4	1		-2	58		211
26	25	1/2	1/2	3/4	1	1	1/4		1/4	1		1	67		211
27	26	0	0	3/4	2	1	1/4		1/4	1		-4	44		219
27	26	0	0	3/4	1	1	1/8		1/8	1		5	59		215
27	26	0	0	3/4	1	1	1/8		1/8	1		2	62		215
27	26	1/8	1/8	3/4	1	1	1/8		1/8	1		0	60		216
27	26	1/8	1/8	3/4	1	1	1/8		1/8	1		-3	63		216
27	26	1/4	1/4	3/4	2	1	1/4		1/4	1		-3	51		220
27	26	1/4	1/4	3/4	2	1	1/4		1/4	1		-2	58		220
27	26	1/4	1/4	3/4	1	1	1/4		1/4	1		-5	61		217
27	26	1/4	1/4	3/4	1	1	1/4		1/4	1		1	67		217
27	26	1/2	1/2	3/4	2	1	1/4		1/4	1		-3	51		221
27	26	1/2	1/2	3/4	2	1	1/4		1/4	1		-4	56		221
27	26	1/2	1/2	3/4	1	1	1/4		1/4	1		0	60		218
27	26	1/2	1/2	3/4	1	1	1/4		1/4	1		-4	68		218
28	27	0	0	3/4	2	1	1/4		1/4	1		-3	39		226
28	27	0	0	3/4	1	1	1/8		1/8	1		6	66		222
28	27	0	0	3/4	1	1	1/8		1/8	1		3	69		222
28	27	1/8	1/8	3/4	1	1	1/8		1/8	1		1	67		223
28	27	1/8	1/8	3/4	1	1	1/8		1/8	1		-2	70		223
28	27	1/4	1/4	3/4	2	1	1/4		1/4	1		-5	61		227
28	27	1/4	1/4	3/4	2	1	1/4		1/4	1		-3	63		227
28	27	1/4	1/4	3/4	2	1	1/4		1/4	1		1	67		227
28	27	1/4	1/4	3/4	1	1	1/4		1/4	1		-4	68		224
28	27	1/4	1/4	3/4	1	1	1/4		1/4	1		0	72		224
28	27	1/2	1/2	3/4	2	1	1/4		1/4	1		-5	61		228
28	27	1/2	1/2	3/4	2	1	1/4		1/4	1		-3	63		228
28	27	1/2	1/2	3/4	2	1	1/4		1/4	1		1	67		228
28	27	1/2	1/2	3/4	1	1	1/4		1/4	1		-2	70		225
28	27	1/2	1/2	3/4	1	1	1/4		1/4	1		-5	73		225
29	28	0	0	3/4	2	2	3/4		1/2	3/2		-4	56		233
29	28	0	0	3/4	1	1	1/2		1/2	1		5	71		229
29	28	0	0	3/4	1	1	1/2		1/2	1		2	74		229
29	28	1/4	1/4	3/4	2	1	1/4		1/4	1		5	59		231
29	28	1/4	1/4	3/4	2	1	1/4		1/4	1		-1	65		231
29	28	1/4	1/4	3/4	2	1	1/4		1/4	1	1	-4	68		231
29	28	1/2	1/2	3/4	2	1	1/4		1/4	1		0	60		232
29	28	1/2	1/2	3/4	2	1	1/4		1/4	1		-3	63		232
29	28	1/2	1/2	3/4	2	1	1/4		1/4	1	-1	-4	68		232
29	28	1/2	1/2	3/4	1	1	1/4		1/4	1		0	72		230
29	28	1/2	1/2	3/4	1	1	1/4		1/4	1		-3	75		230
30	29	0	0	3/4	2	1	1/4		1/4	1		-3	51		240
30	29	0	0	3/4	1	2	1/4		1/4	1		0	72		239
30	29	0	0	3/4	1	1	1/8		1/8	1		-3	75		234
30	29	1/8	1/8	3/4	1	1	1/8		1/8	1		4	76		235
30	29	1/4	1/4	3/4	1	1	0	acciaccatura	1/8	1		1	79		236
30	29	1/4	1/4	3/4	2	1	1/4		1/4	1		-5	61		241
30	29	1/4	1/4	3/4	2	1	1/4		1/4	1		-3	63		241
30	29	1/4	1/4	3/4	2	1	1/4		1/4	1		1	67		241
30	29	1/4	1/4	3/4	1	1	3/8		1/4	3/2		-5	73		237
30	29	1/4	1/4	3/4	1	1	3/8		1/4	3/2		-1	77		237
30	29	1/2	1/2	3/4	2	1	1/4		1/4	1		-5	61		242
30	29	1/2	1/2	3/4	2	1	1/4		1/4	1		-3	63		242
30	29	1/2	1/2	3/4	2	1	1/4		1/4	1		1	67		242
30	29	5/8	5/8	3/4	1	1	1/8		1/8	1		0	72		238
30	29	5/8	5/8	3/4	1	1	1/8		1/8	1		-3	75		238
31	30	0	0	3/4	2	2	1/2		1/2	1		-4	56		250
31	30	0	0	3/4	1	1	1/8		1/8	1		-2	70		243
31	30	0	0	3/4	1	1	1/8		1/8	1		-5	73		243
31	30	1/8	1/8	3/4	1	1	1/8		1/8	1		-4	68		244
31	30	1/8	1/8	3/4	1	1	1/8		1/8	1		0	72		244
31	30	1/4	1/4	3/4	1	1	0	acciaccatura	1/8	1		-3	75		245
31	30	1/4	1/4	3/4	2	1	1/4		1/4	1		0	60		248
31	30	1/4	1/4	3/4	2	1	1/4		1/4	1		-3	63		248
31	30	1/4	1/4	3/4	1	1	1/4		1/4	1		-2	70		246
31	30	1/4	1/4	3/4	1	1	1/4		1/4	1		-5	73		246
31	30	1/2	1/2	3/4	2	1	1/4		1/4	1		-3	51		249
31	30	1/2	1/2	3/4	1	1	1/4		1/4	1		-4	68		247
31	30	1/2	1/2	3/4	1	1	1/4		1/4	1		0	72		247
32	31	0	0	3/4	2	1	1/4		1/4	1		-3	39		255
32	31	0	0	3/4	1	1	1/8		1/8	1		2	62		251
32	31	0	0	3/4	1	1	1/8		1/8	1		5	71		251
32	31	1/8	1/8	3/4	1	1	1/8		1/8	1		-3	63		252
32	31	1/8	1/8	3/4	1	1	1/8		1/8	1		0	72		252
32	31	1/4	1/4	3/4	2	1	1/4		1/4	1		-3	51		256
32	31	1/4	1/4	3/4	2	1	1/4		1/4	1		1	55		256
32	31	1/4	1/4	3/4	2	1	1/4		1/4	1		-5	61		256
32	31	1/4	1/4	3/4	1	1	3/8		1/4	3/2		-1	65		253
32	31	1/4	1/4	3/4	1	1	3/8		1/4	3/2		-5	73		253
32	31	1/2	1/2	3/4	2	1	1/4		1/4	1		-3	51		257
32	31	1/2	1/2	3/4	2	1	1/4		1/4	1		1	55		257
32	31	1/2	1/2	3/4	2	1	1/4		1/4	1		-5	61		257
32	31	5/8	5/8	3/4	1	1	1/8		1/8	1		-3	63		254
32	31	5/8	5/8	3/4	1	1	1/8		1/8	1		0	72		254
33	32	0	0	3/4	2	1	1/4		1/4	1		-4	44		264
33	32	0	0	3/4	1	1	1/8		1/8	1		-5	61		258
33	32	0	0	3/4	1	1	1/8		1/8	1		-2	70		258
33	32	1/8	1/8	3/4	1	1	1/8		1/8	1		0	60		259
33	32	1/8	1/8	3/4	1	1	1/8		1/8	1		-4	68		259
33	32	1/4	1/4	3/4	1	1	0	grace16	1/16	1		0	60		260
33	32	1/4	1/4	3/4	1	1	0	grace16	1/16	1		-4	68		260
33	32	1/4	1/4	3/4	1	1	0	grace16	1/16	1		0	72		261
33	32	1/4	1/4	3/4	2	1	1/4		1/4	1		-3	51		265
33	32	1/4	1/4	3/4	2	1	1/4		1/4	1		-4	56		265
33	32	1/4	1/4	3/4	1	1	3/8		1/4	3/2		-5	61		262
33	32	1/4	1/4	3/4	1	1	3/8		1/4	3/2		-2	70		262
33	32	1/2	1/2	3/4	2	1	1/4		1/4	1		-3	51		266
33	32	1/2	1/2	3/4	2	1	1/4		1/4	1		-4	56		266
33	32	5/8	5/8	3/4	1	1	1/8		1/8	1		0	60		263
33	32	5/8	5/8	3/4	1	1	1/8		1/8	1		-4	68		263
34	33	0	0	3/4	1	2	0	grace16	1/16	1		5	59		270
34	33	0	0	3/4	1	2	0	grace16	1/16	1	1	-1	65		271
34	33	0	0	3/4	1	2	0	grace16	1/16	1	1	5	71		272
34	33	0	0	3/4	2	1	1/4		1/4	1		1	43		275
34	33	0	0	3/4	1	2	1/4		1/4	1	-1	-1	65		273
34	33	0	0	3/4	1	2	1/4		1/4	1	-1	5	71		273
34	33	0	0	3/4	1	1	1/4		1/4	1		2	74		267
34	33	1/4	1/4	3/4	1	2	1/2		1/2	1		-1	65		274
34	33	1/4	1/4	3/4	2	1	1/2		1/2	1	1	1	67		276
34	33	1/4	1/4	3/4	1	2	1/2		1/2	1		5	71		274
34	33	1/4	1/4	3/4	1	1	3/8		1/4	3/2		4	76		268
34	33	1/2	1/2	3/4	2	2	1/4		1/4	1		1	55		277
34	33	5/8	5/8	3/4	1	1	1/8		1/8	1		2	74		269
35	34	0	0	3/4	1	1	0	acciaccatura	1/8	1		2	74		278
35	34	0	0	3/4	2	2	1/2		1/2	1		0	60		287
35	34	0	0	3/4	1	2	1/4		1/4	1		4	64		283
35	34	0	0	3/4	2	1	1/4		1/4	1	-1	1	67		285
35	34	0	0	3/4	1	1	3/16		1/8	3/2		0	72		279
35	34	3/16	3/16	3/4	1	1	1/16		1/16	1		5	71		280
35	34	1/4	1/4	3/4	1	2	1/2		1/2	1		4	64		284
35	34	1/4	1/4	3/4	2	1	1/2		1/2	1	1	1	67		286
35	34	1/4	1/4	3/4	1	1	3/8		1/4	3/2		0	72		281
35	34	1/2	1/2	3/4	2	2	1/4		1/4	1		1	55		288
35	34	5/8	5/8	3/4	1	1	1/8		1/8	1		7	73		282
36	35	0	0	3/4	2	2	1/4		1/4	1		5	59		297
36	35	0	0	3/4	1	2	1/4		1/4	1		-1	65		293
36	35	0	0	3/4	2	1	1/4		1/4	1	-1	1	67		295
36	35	0	0	3/4	1	1	3/16		1/8	3/2		2	74		289
36	35	3/16	3/16	3/4	1	1	1/16		1/16	1		9	75		290
36	35	1/4	1/4	3/4	1	2	1/2		1/2	1		-1	65		294
36	35	1/4	1/4	3/4	2	1	1/2		1/2	1	1	1	67		296
36	35	1/4	1/4	3/4	1	2	1/2		1/2	1		5	71		294
36	35	1/4	1/4	3/4	1	1	3/8		1/4	3/2		4	76		291
36	35	1/2	1/2	3/4	2	2	1/4		1/4	1		1	55		298
36	35	5/8	5/8	3/4	1	1	1/8		1/8	1		2	74		292
37	36	0	0	3/4	1	1	0	acciaccatura	1/8	1		2	74		299
37	36	0	0	3/4	2	2	1/2		1/2	1		0	60		306
37	36	0	0	3/4	1	2	1/2		1/2	1		4	64		303
37	36	0	0	3/4	2	1	1/4		1/4	1	-1	1	67		304
37	36	0	0	3/4	1	1	3/16		1/8	3/2		0	72		300
37	36	3/16	3/16	3/4	1	1	1/16		1/16	1		5	71		301
37	36	1/4	1/4	3/4	2	1	1/2		1/2	1		1	67		305
37	36	1/4	1/4	3/4	1	1	1/2		1/2	1		0	72		302
37	36	1/2	1/2	3/4	2	2	1/4		1/4	1		0	60		307
38	37	0	0	3/4	2	2	1/2		1/2	1		4	52		314
38	37	0	0	3/4	1	2	1/4		1/4	1		2	62		311
38	37	0	0	3/4	1	2	1/4		1/4	1		8	68		311
38	37	0	0	3/4	1	1	1/4		1/4	1		5	71		308
38	37	1/4	1/4	3/4	1	2	1/2		1/2	1		2	62		312
38	37	1/4	1/4	3/4	2	1	1/2		1/2	1	1	4	64		313
38	37	1/4	1/4	3/4	1	2	1/2		1/2	1		8	68		312
38	37	1/4	1/4	3/4	1	1	3/8		1/4	3/2		0	72		309
38	37	1/2	1/2	3/4	2	2	1/4		1/4	1		4	52		315
38	37	5/8	5/8	3/4	1	1	1/8		1/8	1		5	71		310
39	38	0	0	3/4	1	1	0	acciaccatura	1/8	1		5	71		316
39	38	0	0	3/4	2	2	1/2		1/2	1		3	57		325
39	38	0	0	3/4	1	2	1/4		1/4	1		7	61		321
39	38	0	0	3/4	2	1	1/4		1/4	1	-1	4	64		323
39	38	0	0	3/4	1	2	1/4		1/4	1		1	67		321
39	38	0	0	3/4	1	1	3/16		1/8	3/2		3	69		317
39	38	3/16	3/16	3/4	1	1	1/16		1/16	1		8	68		318
39	38	1/4	1/4	3/4	1	2	1/2		1/2	1		7	61		322
39	38	1/4	1/4	3/4	2	1	1/2		1/2	1		4	64		324
39	38	1/4	1/4	3/4	1	2	1/2		1/2	1		1	67		322
39	38	1/4	1/4	3/4	1	1	3/8		1/4	3/2		3	69		319
39	38	1/2	1/2	3/4	2	2	1/4		1/4	1		3	57		326
39	38	5/8	5/8	3/4	1	1	1/8		1/8	1		5	71		320
40	39	0	0	3/4	2	2	1/4		1/4	1		2	50		336
40	39	0	0	3/4	1	2	1/4		1/4	1		6	66		333
40	39	0	0	3/4	1	1	3/16		1/8	3/2		0	72		327
40	39	3/16	3/16	3/4	1	1	1/16		1/16	1		7	73		328
40	39	1/4	1/4	3/4	1	2	1/2		1/2	1		6	66		334
40	39	1/4	1/4	3/4	2	1	1/2		1/2	1		3	69		335
40	39	1/4	1/4	3/4	1	2	1/2		1/2	1		0	72		334
40	39	1/4	1/4	3/4	1	1	3/8		1/4	3/2		4	76		329
40	39	1/2	1/2	3/4	2	2	1/4		1/4	1		2	62		337
40	39	5/8	5/8	3/4	1	1	0	grace16	1/16	1		2	74		330
40	39	5/8	5/8	3/4	1	1	0	grace16	1/16	1		4	76		331
40	39	5/8	5/8	3/4	1	1	1/8		1/8	1		2	74		332
41	40	0	0	3/4	2	1	1/4		1/4	1		1	55		342
41	40	0	0	3/4	1	2	1/4		1/4	1		-1	65		341
41	40	0	0	3/4	1	2	1/4		1/4	1		5	71		341
41	40	0	0	3/4	1	1	1/8		1/8	1		7	73		338
41	40	3/16	3/16	3/4	1	1	1/16		1/16	1		2	74		339
41	40	1/4	1/4	3/4	1	1	1/2		1/2	1		-1	65		340
41	40	1/4	1/4	3/4	1	1	1/2		1/2	1		1	67		340
41	40	1/4	1/4	3/4	1	1	1/2		1/2	1		5	71		340
41	40	1/4	1/4	3/4	1	1	1/2		1/2	1		1	79		340
41	40	1/2	1/2	3/4	2	1	1/4		1/4	1		1	55		343
42	41	0	0	3/4	2	1	1/4		1/4	1		1	43		349
42	41	0	0	3/4	1	2	1/4		1/4	1		-1	65		347
42	41	0	0	3/4	1	2	1/4		1/4	1		5	71		347
42	41	0	0	3/4	1	1	1/4		1/4	1		2	74		344
42	41	1/4	1/4	3/4	1	2	1/2		1/2	1		-1	65		348
42	41	1/4	1/4	3/4	2	1	1/2		1/2	1	1	1	67		350
42	41	1/4	1/4	3/4	1	2	1/2		1/2	1		5	71		348
42	41	1/4	1/4	3/4	1	1	3/8		1/4	3/2		4	76		345
42	41	1/2	1/2	3/4	2	2	1/4		1/4	1		1	55		351
42	41	5/8	5/8	3/4	1	1	1/8		1/8	1		2	74		346
43	42	0	0	3/4	1	1	0	grace16	1/16	1		0	72		352
43	42	0	0	3/4	1	1	0	grace16	1/16	1		2	74		353
43	42	0	0	3/4	2	2	1/2		1/2	1		0	60		362
43	42	0	0	3/4	1	2	1/4		1/4	1		4	64		358
43	42	0	0	3/4	2	1	1/4		1/4	1	-1	1	67		360
43	42	0	0	3/4	1	1	3/16		1/8	3/2		0	72		354
43	42	3/16	3/16	3/4	1	1	1/16		1/16	1		5	71		355
43	42	1/4	1/4	3/4	1	2	1/2		1/2	1		4	64		359
43	42	1/4	1/4	3/4	2	1	1/2		1/2	1	1	1	67		361
43	42	1/4	1/4	3/4	1	1	3/8		1/4	3/2		0	72		356
43	42	1/2	1/2	3/4	2	2	1/4		1/4	1		1	55		363
43	42	5/8	5/8	3/4	1	1	1/8		1/8	1		7	73		357
44	43	0	0	3/4	2	2	1/4		1/4	1		5	59		372
44	43	0	0	3/4	1	2	1/4		1/4	1		-1	65		368
44	43	0	0	3/4	2	1	1/4		1/4	1	-1	1	67		370
44	43	0	0	3/4	1	1	3/16		1/8	3/2		2	74		364
44	43	3/16	3/16	3/4	1	1	1/16		1/16	1		9	75		365
44	43	1/4	1/4	3/4	1	2	1/2		1/2	1		-1	65		369
44	43	1/4	1/4	3/4	2	1	1/2		1/2	1	1	1	67		371
44	43	1/4	1/4	3/4	1	2	1/2		1/2	1		5	71		369
44	43	1/4	1/4	3/4	1	1	3/8		1/4	3/2		4	76		366
44	43	1/2	1/2	3/4	2	2	1/4		1/4	1		1	55		373
44	43	5/8	5/8	3/4	1	1	1/8		1/8	1		2	74		367
45	44	0	0	3/4	1	1	0	grace16	1/16	1		0	72		374
45	44	0	0	3/4	1	1	0	grace16	1/16	1		2	74		375
45	44	0	0	3/4	2	2	1/2		1/2	1		0	60		383
45	44	0	0	3/4	1	2	1/4		1/4	1		4	64		379
45	44	0	0	3/4	2	1	1/4		1/4	1	-1	1	67		381
45	44	0	0	3/4	1	1	3/16		1/8	3/2		0	72		376
45	44	3/16	3/16	3/4	1	1	1/16		1/16	1		5	71		377
45	44	1/4	1/4	3/4	1	2	1/2		1/2	1		4	64		380
45	44	1/4	1/4	3/4	2	1	1/2		1/2	1		1	67		382
45	44	1/4	1/4	3/4	1	1	1/2		1/2	1		0	72		378
45	44	1/2	1/2	3/4	2	2	1/4		1/4	1		0	60		384
46	45	0	0	3/4	2	2	1/2		1/2	1		2	50		391
46	45	0	0	3/4	1	2	1/4		1/4	1		0	60		388
46	45	0	0	3/4	1	2	1/4		1/4	1		-1	65		388
46	45	0	0	3/4	1	1	1/4		1/4	1		3	69		385
46	45	1/4	1/4	3/4	1	2	1/2		1/2	1		0	60		389
46	45	1/4	1/4	3/4	2	1	1/2		1/2	1	1	2	62		390
46	45	1/4	1/4	3/4	1	2	1/2		1/2	1		-1	65		389
46	45	1/4	1/4	3/4	1	1	3/8		1/4	3/2		5	71		386
46	45	1/2	1/2	3/4	2	2	1/4		1/4	1		2	50		392
46	45	5/8	5/8	3/4	1	1	1/8		1/8	1		3	69		387
47	46	0	0	3/4	1	1	0	grace16	1/16	1		1	67		393
47	46	0	0	3/4	1	1	0	grace16	1/16	1		3	69		394
47	46	0	0	3/4	2	2	1/2		1/2	1		1	55		403
47	46	0	0	3/4	1	2	1/4		1/4	1		5	59		399
47	46	0	0	3/4	2	1	1/4		1/4	1	-1	2	62		401
47	46	0	0	3/4	1	2	1/4		1/4	1		-1	65		399
47	46	0	0	3/4	1	1	3/16		1/8	3/2		1	67		395
47	46	3/16	3/16	3/4	1	1	1/16		1/16	1		6	66		396
47	46	1/4	1/4	3/4	1	2	1/2		1/2	1		5	59		400
47	46	1/4	1/4	3/4	2	1	1/2		1/2	1		2	62		402
47	46	1/4	1/4	3/4	1	2	1/2		1/2	1		-1	65		400
47	46	1/4	1/4	3/4	1	1	3/8		1/4	3/2		1	67		397
47	46	1/2	1/2	3/4	2	2	1/4		1/4	1		1	55		404
47	46	5/8	5/8	3/4	1	1	1/8		1/8	1		3	69		398
48	47	0	0	3/4	2	1	1/4		1/4	1		1	43		411
48	47	0	0	3/4	1	2	1/4		1/4	1		-1	65		409
48	47	0	0	3/4	1	2	1/4		1/4	1		1	67		409
48	47	0	0	3/4	1	1	1/8		1/8	1		5	71		405
48	47	3/16	3/16	3/4	1	1	1/16		1/16	1		0	72		406
48	47	1/4	1/4	3/4	1	2	1/2		1/2	1		-1	65		410
48	47	1/4	1/4	3/4	2	1	1/2		1/2	1		1	67		412
48	47	1/4	1/4	3/4	1	2	1/2		1/2	1		5	71		410
48	47	1/4	1/4	3/4	1	1	3/8		1/4	3/2		4	76		407
48	47	1/2	1/2	3/4	2	2	1/4		1/4	1		1	55		413
48	47	5/8	5/8	3/4	1	1	1/8		1/8	1		2	74		408
49	48	0	0	3/4	2	2	1/2		1/2	1		0	48		420
49	48	0	0	3/4	1	2	1/4		1/4	1		4	64		418
49	48	0	0	3/4	1	1	1/8		1/8	1		5	71		414
49	48	3/16	3/16	3/4	1	1	1/16		1/16	1		0	72		415
49	48	1/4	1/4	3/4	1	1	0	acciaccatura	1/8	1		0	72		416
49	48	1/4	1/4	3/4	2	1	1/4		1/4	1		1	55		419
49	48	1/4	1/4	3/4	2	1	1/4		1/4	1		4	64		419
49	48	1/4	1/4	3/4	1	1	1/4		1/4	1		0	84		417
